30
000110000001110001101010010100
000010010101100010010001101110
000001110010000101000000010001
100011000000100001000000010001
110100110011110010110100001001
001100010000010010010000110100
001010010010000000100101010011
011011100010001011011101000101
000000000110000000001100110010
010000001010100100100000000001
001010111100010010001010101000
110010000000100000001010001010
110110000101010000010001011001
100011000010100011100101001001
000000010000000001100110000100
001000000100000000010011001010
010011010010010001010001000000
101100010000011010101100011010
100010100100011001000100100001
010011010000100110000000110010
100000011011000001000100000100
000010111000011001101010001001
100000000011001100000101011001
010000110000110110000010100100
010001001010000000110001000010
101101101000100001010010000001
010010000011110101000110000100
110001010000001000001001001001
010000101001000101010000100000
001110110100110000100110010100
