50
00101101000011000001000110010001000000011100100110
00010001000100000010110001101000111001000010000001
10001101000001010011000001001001000010110000110000
01000000000100001100001100001000001000000100010000
10100000000000000000100110010000101100100100100000
10100010110100100000111100101000011000010011100100
00000100100000010101011101000101010100100001001010
11100000011100001110001000111011000000000000000100
00000110000000010000010110011100010001000100000101
00000101000010000010111100110000001100000000000000
00000001000010000010000110001100111000000011001000
01010101000000001000010110110100010110011100010101
10000000011000010001000110100111000010011000001000
10100000000000001010001011010000000111001000001000
00000100000000000001001010010001000100100000000100
00100010100010000010000100001000000000001111000010
00010001000101000010000000001101010110000101100000
00010011000000000000000000011011101000000001101000
01100001011001011001100010010100000000001000001010
10100010000010100010001000101010000011010001100001
01001100010000000010011000011001000100001010000000
01000110110100000000100100011100000000100001100010
00010111010001100001100101000000100000010001100101
10011110111110010000011010111000100010000010101001
10001000101111100010000100010100000111010000110001
01100010000001000000001000000001000001111001100100
01000101010110000001000100001000010000110100000000
10001001110101100110110110001001000101000110010111
01110101101000011101110100110100010000010000110100
00000010101110001010010010001010101011010000010001
00000001000010000101000000000101010111000101010010
10100011000010101100100001010010100001000000000100
01001000001000000100001100000101000110100000101110
01000110101100001000000000101010000000001000000100
01011100011000000100000000000100000000110000000001
00001010010101101000100010010010100000110000010001
00100000000111001001000110000110100001100010100000
01000000100001000001000011010111000010111110100000
00101010000000100000010001100000101111000010011000
10100100000110000001001011101100001101000000101010
10000000000111010010100001000000010001000001000011
10011000100100011000000000110010000001000000010001
01000100001000010000100100010000000011100000010000
00000110001000011101011001000010000000001000001100
10101100000000001101011111001000100011010000000000
00110000000100000000000010011110000100100110000100
00000010001011000110000100000000100000110001000111
10000101100100100000001001011001110000000001011000
10000010000000010010010000010010100000011000001000
01000000100100000001001110010100001100001100001000
