35
00000000000100010100110000101000010
00100001011010100011000100001101001
01000000000100010000000000001101000
00000000000100011000010011000100001
00000110011000000100000010000000010
00001011110100000010111000010000001
00001100000000000100100001000110100
01000100010000001000000011100001101
00000100011100100000110110000000001
01001101100000000000001000000000001
01001000100100100000000001000001000
10110100101011011000000000001000001
01000000000100100000100000010000000
00000000000100000010000000000100011
01000000101010000100000100101000010
10110000000100000100110000000000001
00010001000100000010000001000100100
10001010000000110000010000000101000
01000100000001001000100010000000100
01000000000000000000101000000100001
10000110100010010011010100001100000
10010100100000010100100000111010111
00000100010000000001000000100000000
01000000100000100000100000000000000
00011001100000000010000000000010110
00010011001000001000000000000110100
10000001000000100000011000000100001
00000100000010000000010000000000000
11100000000100100000110000000000100
01110010000001001101100001100000000
00000010000000000000010011000000000
01100001001000000100000000000000010
00000011000000001010010011001000001
10001000000001100000010010000001000
01010101110101010001010000100000100
